  -5.4644219e-01
  -1.2997596e+00
  -8.0018202e-01
   6.8240327e-01
   1.5307021e+00
   1.0202726e+00
  -2.0170759e-01
  -1.0241323e+00
  -6.8911051e-01
   5.8636040e-01
   1.5723605e+00
   1.3055337e+00
  -3.2391450e-02
  -1.0542576e+00
  -6.0755877e-01
   1.4887473e-01
  -4.4219280e-01
  -1.3377983e+00
  -8.6666471e-01
   1.2197141e-01
   1.4482467e-01
   2.1264441e-01
   9.9222900e-01
   1.2850071e+00
   7.0176305e-01
   5.5947326e-01
   8.0122526e-01
  -4.0894655e-01
  -2.3539629e+00
  -2.1381579e+00
   1.8387266e-01
   1.4926688e+00
   8.3339376e-01
   3.6090095e-01
   1.2825267e+00
   2.1521731e+00
   1.6670860e+00
   7.2092961e-01
   6.1229788e-01
   5.3221544e-01
  -4.0916348e-01
  -1.6849345e+00
  -1.9046660e+00
  -1.1639232e+00
  -6.5877121e-01
  -2.1569949e-01
   7.8871129e-01
   9.4658416e-01
  -1.0470121e+00
  -3.2134772e+00
  -2.2964383e+00
   8.9224664e-01
   2.4426514e+00
   9.4067700e-01
  -3.8320204e-01
   4.7475750e-01
   1.2165122e+00
   2.9486626e-01
  -1.0405753e+00
  -1.8097537e+00
  -2.3026105e+00
  -1.4213059e+00
   1.5278124e+00
   3.9536432e+00
   3.1901420e+00
   8.7094196e-01
  -1.6720287e-01
  -7.0497406e-02
  -1.0164361e+00
  -2.5850035e+00
  -2.9912228e+00
  -2.3333129e+00
  -1.4681686e+00
  -2.3133323e-01
   2.0012701e+00
   3.8188057e+00
   3.1041470e+00
   8.9616616e-01
   2.7753840e-01
   1.1784124e+00
   3.4088776e-01
  -2.3184447e+00
  -3.7311596e+00
  -3.5161589e+00
  -3.4714909e+00
  -2.2408207e+00
   2.4662488e+00
   7.2858030e+00
   6.7487001e+00
   1.4004955e+00
  -3.2805290e+00
  -3.9368919e+00
  -2.2431364e+00
  -1.2208872e+00
  -1.6601298e+00
  -2.6109812e+00
  -2.7226480e+00
  -1.1223640e+00
   2.1003491e+00
   5.1460040e+00
   5.6984598e+00
   3.0828918e+00
  -1.7284031e-01
  -1.6033073e+00
  -1.5236028e+00
  -1.7887385e+00
  -2.2491750e+00
  -2.0104374e+00
  -1.1353385e+00
  -1.3239131e-01
   1.4462206e+00
   3.7458801e+00
   4.7654294e+00
   2.7015568e+00
  -9.7299330e-01
  -3.1305546e+00
  -3.0500826e+00
  -2.8900460e+00
  -3.3871778e+00
  -2.6940469e+00
  -4.4091587e-01
   1.3450282e+00
   1.8512222e+00
   2.4427914e+00
   3.0811841e+00
   1.7739760e+00
  -6.0472560e-01
  -1.3951766e+00
  -6.9755927e-01
  -1.2417157e+00
  -2.4387809e+00
  -1.5254576e+00
   1.1864065e+00
   2.7945739e+00
   2.3981158e+00
   1.6451411e+00
   9.6400736e-01
  -4.0075601e-01
  -1.4271688e+00
  -1.0126231e+00
  -6.5304179e-01
  -1.8136527e+00
  -2.5254180e+00
  -9.8943482e-01
   8.4046672e-01
   8.7172359e-01
   3.8355036e-01
   1.2848310e+00
   2.6989388e+00
   2.1808955e+00
  -6.9373062e-01
  -3.8065958e+00
  -5.1419815e+00
  -4.4840526e+00
  -2.3095416e+00
   5.3692503e-01
   3.0879555e+00
   4.4763972e+00
   4.2956598e+00
   2.5791564e+00
   3.3670699e-01
  -1.0575402e+00
  -1.4068171e+00
  -1.9321593e+00
  -3.3980205e+00
  -3.8907131e+00
  -1.8983908e+00
   1.0553484e+00
   2.9561328e+00
   3.6293726e+00
   3.2043922e+00
   2.0221112e+00
  -1.9956008e-02
  -2.1046262e+00
  -2.3767327e+00
  -1.0818300e+00
  -6.3292171e-01
  -1.8197734e+00
  -1.6321895e+00
   1.8250723e+00
   5.1774627e+00
   4.4837159e+00
   7.8572449e-01
  -1.5291349e+00
  -1.7394109e+00
  -2.3380598e+00
  -3.4068758e+00
  -3.1822496e+00
  -2.2147089e+00
  -1.4599096e+00
   2.6936549e-01
   3.3014875e+00
   4.9360822e+00
   3.3311157e+00
   3.0557750e-01
  -1.4619287e+00
  -2.0628990e+00
  -2.3620045e+00
  -1.8724491e+00
  -7.7460998e-01
  -3.7275395e-01
  -8.6221582e-01
  -6.8546048e-01
   7.8334156e-01
   2.2197234e+00
   2.3858801e+00
   8.8822178e-01
  -1.6428922e+00
  -3.4794281e+00
  -3.0602322e+00
  -9.9867286e-01
   8.0904216e-01
   1.7353065e+00
   2.3988329e+00
   2.7535097e+00
   2.4639273e+00
   2.0498083e+00
   1.7133480e+00
   1.0029887e+00
  -6.8257583e-01
  -2.7329624e+00
  -3.8051553e+00
  -3.4451343e+00
  -2.3716440e+00
  -1.1747023e+00
  -3.9880322e-02
   1.0158731e+00
   1.8373854e+00
   2.8740416e+00
   4.0627334e+00
   3.2172622e+00
  -9.7288043e-02
  -3.1182719e+00
  -4.1307957e+00
  -3.7551874e+00
  -2.2401367e+00
   3.8575862e-01
   2.5372859e+00
   2.3125265e+00
   7.4776375e-01
   5.4064379e-01
   1.7092963e+00
   2.0381780e+00
   4.0867706e-01
  -2.0030685e+00
  -3.6147203e+00
  -3.5077403e+00
  -1.2290059e+00
   2.5092945e+00
   5.4514551e+00
   4.8295446e+00
   8.3101776e-01
  -2.0024451e+00
  -8.0599236e-01
   1.2062790e+00
   5.4127200e-01
  -2.1550949e+00
  -4.2294004e+00
  -4.4780281e+00
  -2.2835033e+00
   2.6023116e+00
   7.2263911e+00
   7.4493130e+00
   3.7208789e+00
   4.3157697e-01
  -7.0127465e-01
  -1.3951913e+00
  -2.5506728e+00
  -3.7292582e+00
  -4.7747421e+00
  -4.4772849e+00
  -1.6515702e+00
   2.6446369e+00
   5.2374912e+00
   4.7871861e+00
   2.6914142e+00
   3.6411641e-01
  -1.4522513e+00
  -2.3848292e+00
  -2.1000745e+00
  -1.2419729e+00
  -1.2156145e+00
  -1.9807202e+00
  -2.2637499e+00
  -9.9576457e-01
   2.1487965e+00
   5.4212198e+00
   5.4574273e+00
   1.7467426e+00
  -1.8656889e+00
  -2.8025643e+00
  -2.2146853e+00
  -1.3623590e+00
  -3.3327851e-01
   2.1300089e-02
  -1.2417055e+00
  -2.2089164e+00
  -5.6174429e-01
   2.3234625e+00
   3.0826657e+00
   1.3463832e+00
  -2.0857704e-01
  -4.9010987e-01
  -6.3093975e-01
  -1.4728864e+00
  -1.8008509e+00
  -1.2285047e+00
  -9.6705499e-01
  -9.4559919e-01
   5.2425994e-01
   2.7020339e+00
   2.8660461e+00
   7.2286381e-01
  -1.3393547e+00
  -1.7894809e+00
  -1.3561327e+00
  -9.2765639e-01
  -7.7419913e-01
  -1.0594343e+00
  -1.2664693e+00
  -1.1902303e-01
   2.1383361e+00
   3.9382615e+00
   3.5120769e+00
   4.8694624e-01
  -2.3747984e+00
  -2.6872755e+00
  -1.4677538e+00
  -1.1905738e+00
  -2.2461333e+00
  -2.9306843e+00
  -1.9250975e+00
   3.6836678e-01
   3.0208824e+00
   4.6585774e+00
   4.2818251e+00
   1.8579295e+00
  -1.5691681e+00
  -3.7739828e+00
  -2.9587002e+00
  -6.0419883e-01
   5.2662173e-01
  -1.4381927e-01
  -1.0565107e+00
  -1.1626765e+00
   5.8288942e-02
   1.9450135e+00
   2.6731261e+00
   1.0376679e+00
  -1.7663583e+00
  -3.1350089e+00
  -1.9628328e+00
   2.8520831e-01
   1.2017615e+00
   3.9362288e-01
  -3.5660676e-01
   7.8496009e-02
   9.5450665e-01
   9.3588347e-01
   1.3064345e-01
  -3.4799151e-02
   7.2336223e-01
   9.6066138e-01
   1.8228625e-01
  -4.7375153e-01
  -3.0556764e-01
  -3.8413254e-02
  -2.2729506e-01
   1.3087874e-01
   1.2298039e+00
   1.6329221e+00
   8.7770511e-01
   5.3634679e-01
   9.6505402e-01
   7.1800664e-01
  -5.8481426e-01
  -1.6654390e+00
  -1.7769235e+00
  -1.2170436e+00
  -5.5483300e-01
   5.7811907e-01
   2.5596516e+00
   3.5922137e+00
   1.9170344e+00
  -7.2186386e-01
  -1.3530756e+00
   8.8217714e-02
   8.9333708e-01
   2.4297509e-01
  -7.7606609e-01
  -1.5486388e+00
  -1.7505984e+00
  -9.7748897e-01
   5.5317192e-01
   1.4974589e+00
   1.2835529e+00
   9.4861258e-01
   1.7049396e+00
   2.8645826e+00
   2.4689109e+00
  -4.9765517e-01
  -4.0577029e+00
  -5.3178672e+00
  -2.8751250e+00
   1.2782609e+00
   3.5988880e+00
   2.8847619e+00
   9.7822553e-01
  -5.1245995e-01
  -3.8414784e-01
   1.4569125e+00
   2.4471770e+00
   1.2581938e-01
  -3.2007630e+00
  -3.4267603e+00
  -6.7809986e-01
   1.3858498e+00
   7.7702675e-01
  -9.4894836e-01
  -1.8256808e+00
  -1.2641619e+00
   5.8441017e-01
   2.6293733e+00
   3.1269732e+00
   1.2596812e+00
  -1.2728108e+00
  -2.2879250e+00
  -1.8766238e+00
  -1.3970351e+00
  -8.5711328e-01
   2.0271949e-01
   1.0902579e+00
   8.7795891e-01
   1.3481765e-01
   3.5169246e-01
   1.4759265e+00
   1.3388958e+00
  -1.1390440e+00
  -3.2246209e+00
  -2.3254013e+00
   2.6050638e-02
   1.1397421e+00
   9.7920738e-01
   8.8169354e-01
   9.9022913e-01
   3.0598980e-01
  -6.8500717e-01
  -6.3967012e-01
   1.2478019e-01
   1.8436469e-01
  -8.9379720e-01
  -1.7189097e+00
  -1.4320041e+00
  -6.5859872e-01
   1.3725475e-01
   1.3874432e+00
   2.6734444e+00
   2.5721538e+00
   4.8712793e-01
  -1.7507204e+00
  -1.7196173e+00
  -6.7605194e-01
  -9.4733173e-01
  -2.5535833e+00
  -3.3344165e+00
  -1.8208026e+00
   5.5057929e-01
   2.2097989e+00
   3.1587572e+00
   3.5786496e+00
   2.8654285e+00
   8.4064840e-01
  -1.1217344e+00
  -1.8930209e+00
  -2.6722524e+00
  -3.9475783e+00
  -3.6933058e+00
  -8.3377558e-01
   2.3153481e+00
   3.2806588e+00
   1.8513269e+00
   4.8998442e-01
   5.4284208e-01
   6.4280896e-01
  -3.2911086e-02
  -8.9743319e-01
  -1.9758082e+00
  -3.0207851e+00
  -2.6389094e+00
  -6.4307712e-01
   1.7174287e+00
   2.9480619e+00
   2.3832217e+00
   3.9939413e-01
  -1.4576427e+00
  -1.1156425e+00
   1.1726967e+00
   1.9760594e+00
  -5.0565713e-01
  -3.1154074e+00
  -2.0137666e+00
   1.3721571e+00
   2.6021431e+00
   1.0485090e+00
  -7.5060894e-01
  -1.2243523e+00
  -9.9576455e-01
  -6.2806570e-01
  -5.5788379e-01
  -1.4108571e+00
  -2.3756914e+00
  -1.1614075e+00
   2.4779916e+00
   4.5692085e+00
   2.3582588e+00
  -1.2731015e+00
  -2.2375454e+00
  -8.0104433e-01
   2.7773851e-01
  -1.0297666e-02
  -8.8508595e-01
  -1.9042823e+00
  -2.5578872e+00
  -1.1426457e+00
   1.8963664e+00
   3.2260667e+00
   1.0795978e+00
  -1.4773529e+00
  -1.4941336e+00
  -6.3536637e-01
  -1.3716854e+00
  -2.1299002e+00
  -1.6286066e-01
   2.4871780e+00
   2.5175621e+00
   1.4883846e+00
   2.3450648e+00
   3.7126392e+00
   2.1054358e+00
  -1.3718267e+00
  -3.0540287e+00
  -3.2184550e+00
  -3.9650025e+00
  -3.8262584e+00
  -2.0426568e-01
   4.5448409e+00
   5.6726879e+00
   3.5282303e+00
   1.7926351e+00
   6.5935493e-01
  -1.7862774e+00
  -4.4854185e+00
  -4.3929257e+00
  -2.1142552e+00
  -1.2125828e+00
  -1.7517074e+00
  -7.2215763e-01
   2.0803459e+00
   4.2715872e+00
   5.1656826e+00
   4.7745265e+00
   2.0046367e+00
  -2.4414576e+00
  -5.0105435e+00
  -4.1058870e+00
  -1.9509284e+00
  -1.3883125e+00
  -1.0838592e+00
   9.6127732e-01
   3.3764642e+00
   3.7380611e+00
   2.2459556e+00
   1.1005858e+00
   6.1249517e-01
  -5.3730391e-01
  -2.1315916e+00
  -2.4895352e+00
  -1.0962876e+00
   5.4155488e-01
   1.2826471e+00
   1.7954833e+00
   2.5994407e+00
   2.2245621e+00
   2.2973609e-02
  -2.4008535e+00
  -2.9722377e+00
  -1.2314079e+00
   1.4206349e+00
   2.9937467e+00
   2.0472629e+00
  -7.9775898e-01
  -2.6270959e+00
  -1.4956769e+00
   1.2522971e+00
   2.9416829e+00
   2.1536848e+00
  -3.2959759e-01
  -1.9997229e+00
  -1.1330664e+00
   5.2727534e-01
   2.0765166e-01
  -1.8754664e+00
  -3.3552077e+00
  -2.7707380e+00
  -4.5255088e-01
   2.7014011e+00
   5.0922908e+00
   4.9866528e+00
   2.0552826e+00
  -1.3215642e+00
  -1.9577423e+00
  -5.0722320e-01
  -1.6158281e-01
  -1.3504374e+00
  -2.3282623e+00
  -2.1354163e+00
  -1.2102480e+00
   1.8989085e-01
   1.7405565e+00
   2.2398548e+00
   1.0872519e+00
  -5.3412388e-01
  -1.1452036e+00
  -5.5826622e-01
   7.0001128e-01
   1.0671865e+00
  -4.6642939e-01
  -2.2906823e+00
  -1.8515462e+00
   8.7688480e-01
   3.0699439e+00
   2.1040250e+00
  -6.9968412e-01
  -1.7486745e+00
  -4.7435245e-01
   5.8224360e-01
   2.5664889e-02
  -1.0137626e+00
  -1.6837785e+00
  -1.5355061e+00
  -4.1800484e-01
   1.0181498e+00
   1.9989577e+00
   2.1597959e+00
   1.3786537e+00
  -7.2974226e-02
  -1.0984860e+00
  -6.7741021e-01
   5.6765823e-01
   1.3424447e+00
   6.3909612e-01
  -1.1515773e+00
  -2.8953575e+00
  -2.9995449e+00
  -6.4447327e-01
   2.4260401e+00
   2.7722176e+00
  -5.1591189e-01
  -2.9818962e+00
  -1.4118008e+00
   1.8720800e+00
   2.9534172e+00
   1.4055385e+00
  -8.7221919e-01
  -2.2864531e+00
  -2.0791435e+00
  -6.1861501e-01
   5.9779359e-01
   3.6571820e-01
  -7.1819138e-01
  -7.9614822e-01
   7.9766927e-01
   1.6827967e+00
   8.3859857e-02
  -2.0081542e+00
  -1.7900417e+00
   3.1646607e-01
   1.8882335e+00
   1.7508410e+00
   1.0174860e+00
   2.5915396e-01
  -1.2237858e+00
  -2.4154616e+00
  -1.1728037e+00
   1.6937106e+00
   2.7804406e+00
   1.3166550e+00
  -1.2705235e-01
   3.4740421e-01
   1.7832631e+00
   2.1524054e+00
   1.0518749e+00
  -3.7476487e-01
  -1.0003779e+00
  -9.1928989e-01
  -3.3243495e-01
   7.8595098e-01
   1.7511109e+00
   1.7279136e+00
   7.5931500e-01
  -5.8434072e-02
   1.9574079e-01
   6.3748695e-01
  -4.4771571e-01
  -2.2679543e+00
  -2.4067947e+00
  -5.4155563e-01
   1.1822028e+00
   1.1971848e+00
   5.0863791e-01
   7.4252601e-01
   1.5716457e+00
   1.5410615e+00
   4.5558187e-01
  -8.0181632e-01
  -2.1494555e+00
  -3.1789324e+00
  -2.2049764e+00
   7.1778323e-01
   2.4922340e+00
   1.6155548e+00
   7.0755002e-01
   1.7372405e+00
   2.7949034e+00
   1.7513052e+00
  -5.9928532e-01
  -2.3608633e+00
  -2.7207594e+00
  -1.9859066e+00
  -4.6190274e-01
   1.0608837e+00
   1.5681475e+00
   8.7692790e-01
  -1.8918828e-01
  -1.2298216e+00
  -1.5375683e+00
  -3.7436802e-01
   1.4873433e+00
   2.1422337e+00
   3.8822203e-01
  -2.0605394e+00
  -1.7760195e+00
   1.4826608e+00
   3.7018953e+00
   2.0090526e+00
  -1.5740438e+00
  -3.2305959e+00
  -2.0530655e+00
  -2.1475956e-01
   5.0058064e-01
   1.4311908e-01
  -1.8600348e-01
   4.7487641e-01
   1.9855957e+00
   2.5859864e+00
   1.1921262e+00
  -7.4754264e-01
  -1.5144958e+00
  -1.7247443e+00
  -2.4081412e+00
  -2.3021088e+00
  -4.2851568e-01
   1.5717932e+00
   2.0271753e+00
   1.9010879e+00
   2.5739207e+00
   2.9902360e+00
   1.6959793e+00
  -4.1407987e-01
  -2.1197278e+00
  -3.0930816e+00
  -2.7910720e+00
  -9.3148674e-01
   9.7382570e-01
   1.0192481e+00
  -5.4523632e-01
  -1.1977684e+00
   5.6131400e-01
   3.1893425e+00
   3.8269922e+00
   1.5270117e+00
  -1.2238424e+00
  -1.4878771e+00
   8.1911684e-01
   2.3097089e+00
   2.1218114e-01
  -3.4780111e+00
  -4.4556155e+00
  -1.6065072e+00
   1.8941704e+00
   3.0344359e+00
   1.8787990e+00
  -4.4458414e-01
  -2.6321557e+00
  -2.6324900e+00
  -3.3307533e-02
   2.5263581e+00
   2.3812599e+00
   2.5595795e-01
  -9.5805536e-01
   3.6371591e-01
   2.3822619e+00
   3.1637099e+00
   2.8191194e+00
   1.7510797e+00
  -1.0113160e+00
  -4.5873889e+00
  -5.8330720e+00
  -3.4507612e+00
  -3.9504076e-01
   4.9418146e-01
   8.4088764e-01
   2.3068832e+00
   2.7726520e+00
   9.2258836e-01
  -5.9239414e-01
   2.4024257e-01
   1.0568930e+00
  -6.0825624e-01
  -2.7653050e+00
  -2.8935065e+00
  -1.6381750e+00
  -1.3477668e-01
   1.7246474e+00
   3.5655261e+00
   3.4725009e+00
   1.4259722e+00
  -5.3162418e-01
  -1.2156457e+00
  -1.2064932e+00
  -1.6050472e+00
  -2.7446141e+00
  -3.6763396e+00
  -2.9914708e+00
   4.5616487e-02
   3.5254784e+00
   4.9174285e+00
   3.7369574e+00
   1.3073516e+00
  -9.1240337e-01
  -1.3568160e+00
  -3.4032160e-01
   2.6271066e-01
  -7.3286603e-01
  -2.4951486e+00
  -2.8249426e+00
  -8.0142064e-01
   1.9382656e+00
   3.3019687e+00
   2.6126397e+00
   1.4162109e+00
   9.8478187e-01
   9.6995161e-01
   7.2657310e-01
  -3.4211895e-01
  -1.8025880e+00
  -2.2747663e+00
  -1.5557697e+00
  -5.6120250e-01
  -6.0842780e-02
   5.5619915e-01
   1.6382568e+00
   2.4849722e+00
   2.3359845e+00
   1.3853403e+00
   1.4495257e-02
  -1.6474555e+00
  -2.9387384e+00
  -2.0802444e+00
   8.3653093e-01
   2.8354487e+00
   2.0793666e+00
   1.0143688e+00
   1.7905834e+00
   2.6753408e+00
   1.2321137e+00
  -1.4933271e+00
  -3.2960165e+00
  -3.6168311e+00
  -3.0032068e+00
  -1.0202331e+00
   2.2059482e+00
   4.1463826e+00
   2.8995933e+00
   4.7799712e-02
  -9.9390944e-01
   5.0657000e-01
   1.7056032e+00
   1.1091588e+00
  -8.1182517e-02
  -8.9735825e-01
  -1.5850187e+00
  -1.4951748e+00
  -1.5002002e-01
   1.0030757e+00
   2.0524534e-01
  -1.7647626e+00
  -2.7512492e+00
  -1.2484041e+00
   1.0864788e+00
   2.5086052e+00
   3.0486396e+00
   1.9918067e+00
  -9.2750093e-01
  -2.8340931e+00
  -1.5496301e+00
   8.5815435e-01
   7.5684495e-01
  -1.4712883e+00
  -1.9096017e+00
   5.2335817e-01
   3.0945813e+00
   3.5799149e+00
   2.0549569e+00
  -2.7158731e-01
  -2.1353582e+00
  -1.7836878e+00
   3.0855603e-01
   1.1551419e+00
  -1.0267212e+00
  -3.1354802e+00
  -1.5168442e+00
   2.6405365e+00
   4.8140861e+00
   3.3768562e+00
   9.9074196e-01
  -4.4704350e-01
  -1.2826078e+00
  -2.0511295e+00
  -2.3497974e+00
  -2.1442361e+00
  -2.1477597e+00
  -2.4151401e+00
  -1.3804090e+00
   1.6171532e+00
   4.5505599e+00
   5.2042195e+00
   3.2790203e+00
   3.4425945e-01
  -1.8141037e+00
  -2.1490437e+00
  -1.0022596e+00
  -4.7305261e-01
  -2.3594380e+00
  -4.9400716e+00
  -4.0372990e+00
   8.9604995e-01
   5.2918267e+00
   5.2975879e+00
   2.1051336e+00
  -5.2590468e-01
  -8.1661207e-01
   2.3784282e-01
   8.3792561e-01
   1.9850682e-01
  -1.5870005e+00
  -3.3675755e+00
  -3.5035845e+00
  -1.2732184e+00
   1.7802041e+00
   2.8605166e+00
   1.6364415e+00
   5.0045933e-01
   1.4332630e+00
   3.1453776e+00
   2.9987590e+00
   4.1041796e-01
  -3.0919463e+00
  -5.6782414e+00
  -5.5949263e+00
  -1.9097978e+00
   3.0471531e+00
   5.2709915e+00
   3.5217491e+00
   8.1869441e-01
   1.1004051e-01
   5.9781460e-01
   4.3469153e-01
  -6.5358442e-01
  -3.1331807e+00
  -5.5218489e+00
  -4.6612809e+00
  -8.3627748e-02
   4.1152376e+00
   4.4842199e+00
   2.3004684e+00
   7.0247055e-01
   3.1516050e-01
  -2.7295151e-01
  -1.3861841e+00
  -2.1052818e+00
  -2.3964039e+00
  -2.0926087e+00
   4.3821769e-01
   4.0871041e+00
   4.5495620e+00
   6.8018492e-01
  -3.1608895e+00
  -3.1486013e+00
  -6.4256905e-01
   9.6903031e-01
   3.4899377e-01
  -8.5003892e-01
  -6.9708912e-01
   4.2241714e-01
   1.2308267e+00
   1.3035851e+00
   7.2793654e-01
  -5.9338962e-01
  -2.1294704e+00
  -2.2987901e+00
  -7.2672928e-01
   8.0799347e-01
   7.4658231e-01
  -1.4910023e-01
  -1.8711641e-01
   5.2311026e-01
   1.2761693e+00
   1.9838491e+00
   1.1732030e+00
  -2.0070914e+00
  -4.4691509e+00
  -2.6191431e+00
   1.1681620e+00
   2.5774026e+00
   1.5833264e+00
   2.8386191e-01
  -8.1254405e-01
  -1.6350351e+00
  -4.7780315e-01
   1.6247512e+00
   8.7974074e-01
  -2.4421669e+00
  -3.2909817e+00
  -5.5315502e-01
   2.0001541e+00
   1.8182971e+00
   2.0868001e-01
  -9.8271789e-01
  -1.1175370e+00
   8.9293092e-02
   1.9915146e+00
   2.7245859e+00
   8.9980413e-01
  -1.4850418e+00
  -1.5742637e+00
  -4.7355791e-01
  -9.7049937e-01
  -2.6130572e+00
  -2.9867544e+00
  -1.3682269e+00
   5.1975507e-01
   1.6197565e+00
   2.3133353e+00
   2.2377960e+00
   8.9712370e-01
  -7.2619663e-01
  -5.5359635e-01
   4.5799814e-01
  -2.5618737e-01
  -2.3787840e+00
  -3.1149082e+00
  -2.0951400e+00
  -6.7723786e-01
   9.9016567e-01
   3.2227451e+00
   4.4936023e+00
   2.8522224e+00
  -7.4315179e-01
  -3.0806053e+00
  -2.6089140e+00
  -1.3823786e+00
  -1.4526384e+00
  -2.6214016e+00
  -3.3382279e+00
  -2.0468385e+00
   1.5855374e+00
   5.8265459e+00
   7.4385000e+00
   4.8413653e+00
  -1.4064551e-01
  -4.4549702e+00
  -5.6340823e+00
  -3.4550538e+00
  -4.5203664e-01
   6.3722716e-01
  -3.3279006e-01
  -6.1870475e-01
   1.7926064e+00
   4.9106381e+00
   5.0621084e+00
   1.7962613e+00
  -1.7431263e+00
  -2.8736974e+00
  -1.8215019e+00
  -1.1208727e+00
  -1.8106551e+00
  -3.3907990e+00
  -4.6483491e+00
  -3.7593905e+00
   2.2252066e-01
   5.0184742e+00
   6.6476655e+00
   4.4749528e+00
   1.4898332e+00
   1.0020114e-01
  -3.6709633e-01
  -1.6694696e+00
  -3.9899214e+00
  -5.2707073e+00
  -4.1596763e+00
  -1.2774233e+00
   1.9279272e+00
   4.0322957e+00
   4.3501179e+00
   2.9811701e+00
   1.3421212e+00
   1.0353587e+00
   1.8128794e+00
   1.4713786e+00
  -9.4552408e-01
  -3.4533035e+00
  -4.2277230e+00
  -3.3814618e+00
  -1.3919717e+00
   9.1635607e-01
   2.1526782e+00
   1.4310305e+00
   1.3224367e-01
   4.6717551e-01
   2.1717513e+00
   2.8589354e+00
   1.5674337e+00
  -6.3423735e-01
  -2.1906640e+00
  -2.1448223e+00
  -8.6913970e-01
   2.9499987e-01
   6.4630024e-01
   4.4798696e-01
   1.8226388e-02
  -3.6759057e-01
  -3.4431244e-01
  -1.4963354e-01
   1.2742396e-01
  -1.5860738e-01
  -1.1764178e+00
  -1.6368390e+00
  -4.5648312e-01
   1.2379185e+00
   1.1493160e+00
  -6.7068673e-01
  -2.0062507e+00
  -1.2884856e+00
   4.9481602e-01
   1.6533679e+00
   1.6162871e+00
   5.1574193e-01
  -1.2014344e+00
  -2.5766912e+00
  -2.5276373e+00
  -1.2008789e+00
   8.0844337e-02
   6.4425186e-01
   9.9336442e-01
   1.7137787e+00
   2.3217078e+00
   2.3018790e+00
   1.5380157e+00
  -4.7235766e-02
  -1.7697734e+00
  -2.3783961e+00
  -1.6294143e+00
  -8.1451962e-01
  -7.8893338e-01
  -1.0174419e+00
  -5.7579604e-01
   7.0400190e-01
   2.5986461e+00
   3.8470315e+00
   2.7574359e+00
  -2.0370810e-01
  -2.3705917e+00
  -2.2719630e+00
  -1.1730142e+00
  -1.3654857e+00
  -2.1689444e+00
  -1.2164689e+00
   1.0829903e+00
   2.1616079e+00
   1.4753610e+00
   3.0867215e-01
  -5.9312150e-01
  -7.3237738e-01
  -3.2140548e-01
  -7.2602336e-01
  -2.1611932e+00
  -3.1336184e+00
  -2.2979081e+00
  -2.7413390e-01
